20.00
20.06
20.06
20.11
20.11
20.11
19.68
20.11
20.11
20.06
20.06
20.00
19.51
19.51
19.46
19.46
19.41
19.41
19.35
19.35
19.79
19.30
19.73
19.73
19.68
19.68
19.62
19.62
19.62
19.68
19.68
19.73
19.79
19.35
19.41
19.46
19.84
19.95
20.00
20.00
20.06
20.11
20.11
20.17
20.20
19.89
20.38
20.42
20.49
20.55
20.60
20.22
20.27
20.29
20.37
20.00
20.49
20.53
20.60
20.22
20.27
20.38
20.87
21.36
21.40
21.45
21.04
21.09
21.18
21.23
21.72
21.78
21.70
21.89
21.89
21.51
21.51
22.10
22.16
22.21
22.70
22.19
22.32
22.37
21.99
22.43
22.54
23.06
22.63
23.01
23.17
22.81
22.90
22.90
22.92
22.90
22.95
22.81
22.79
22.90
22.97
23.01
23.50
23.39
23.44
23.55
23.61
23.61
23.17
23.66
23.23
23.17
23.28
23.33
23.33
23.39
23.39
23.39
23.77
23.77
23.93
23.93
23.93
23.99
23.99
23.99
24.04
24.04
24.09
23.97
23.97
23.66
24.15
24.13
24.15
24.15
24.02
24.20
24.20
23.71
24.20
24.08
24.08
24.09
23.77
23.77
24.20
24.18
23.66
24.18
24.20
23.71
23.71
24.20
23.71
23.71
23.71
24.15
23.71
24.15
23.71
24.18
24.15
24.02
24.04
24.02
24.15
24.15
24.09
24.09
23.55
24.04
23.55
24.09
24.08
23.66
24.08
24.08
24.04
24.29
