29.06
29.06
29.06
29.06
29.06
29.06
29.06
29.06
29.06
29.06
29.06
29.06
29.06
29.06
29.06
29.06
29.12
29.12
29.12
29.12
29.12
29.12
29.12
29.12
29.12
29.12
29.12
29.12
29.12
29.12
29.12
29.12
29.12
29.12
29.12
29.12
29.12
29.12
29.12
29.19
29.19
29.19
29.19
29.19
29.19
29.19
29.19
29.19
29.19
29.19
29.19
29.25
29.19
29.25
29.25
29.25
29.25
29.25
29.25
29.31
29.31
29.31
29.31
29.31
29.31
29.31
29.31
29.31
29.37
29.37
29.37
29.37
29.37
29.37
29.37
29.37
29.44
29.44
29.44
29.44
29.44
29.44
29.44
29.44
29.44
29.44
29.44
29.44
29.44
29.44
29.44
29.50
29.50
29.44
29.44
29.50
29.50
29.50
29.50
29.50
29.50
29.50
29.50
29.50
29.50
29.50
29.50
29.50
29.50
29.56
29.56
29.56
29.56
29.56
29.56
29.56
29.56
29.56
29.56
29.56
29.62
29.56
29.56
29.56
29.56
29.56
29.56
29.62
29.56
29.62
29.62
29.62
29.62
29.62
29.62
29.56
29.56
29.62
29.62
29.62
29.62
29.62
29.62
29.62
29.62
29.62
29.62
29.62
29.62
29.62
29.62
29.62
29.62
29.62
29.62
29.62
29.62
29.62
29.62
29.62
29.69
29.69
29.69
29.69
29.69
29.69
29.69
29.69
29.69
29.69
29.69
29.69
29.69
29.69
29.69
29.69
29.69
29.69
29.69
29.69
